6
100
100
2155402434415554154133535423513040453004103252015231024511211324035150421442151355222435043433154354
4314015312115103544315151153145502500233150031531441432153252414131344535504350454344130325502055104
4145005444531313402551044511440051105452340533504330522334315245055415323315255122433320125355100325
1315022022532344214522210431504343430535503551324443041301103141345104512414324355253512100453015311
3440103112220544151440434331325341350234501415143103505542441554104453433523252253120453212450125211
3452312520330214334003132132251140124124420050315245530541055114125243401213222004542032150122023103
5232054340532001513543041131024243043123112010520153442141024520222332010210305544213054115232552042
4514232203331535000044040243341152051004315451550513042554251111135422002031334310013423044410415301
4443054554031241434450345145325141425441303013325204255354354405434443555033241305323133122013324151
4401142544011012443532325343421550122241010121042453020111031431352341341244033534140001113154522350
1420311422015022202400515530430251312055322125501410113320445122042203250555410034014523512355453310
1100021203041452403002214144313511131400114544451254530331323241435455442105441530031245501204323525
3451315112042523503353042212445425434405231411153441352232523414120422250054145053455402131500400514
5230305010403553220453312354454455140133324210031511104033351403413041225400532103443121105502213415
1430345435202413341302542152542420333414440003225403450343244011345114135052513544105200443015311315
5042324244004544521432150003415215131550252410532014100243511024122052410041404044025314252123554050
0432454541532010434113504151032311035323350334355120520202434511120531004405453321410150000430315151
3254352510312103351421453415021310030015302301530043400551450552150225411144054323434343103102111054
4143253125134441250400231102133331245554541031545113030003552045150125140443400032344035500253522120
4015241035331033205151334001055344015231244042502553101504413551133041220213511243205454554130354345
5544425531050130550355124513445415353143213030511102155153445041053030204215303522201430450540015354
4555314154510304120553555125535322142050125123312503322430125040310301244102413232532042545022543522
5113545055450513014253222023303103531240111124314445005123334132314553331515504251554031354135533330
1010405003200430355210424105510415202334002220410102503125402012413345232544253244214553345214515251
3300433415114110531430335003142003102112325134240332505120150005320443525350445521302115110220121504
5145305250225421511031500214010340444215324552341420121542500211104411551350234105144203234251034214
4444513005435210501430324231222211051331011411514425401152352025233020221354223255311112124215511342
2102324515450350342544230315015402522032531450551420144401204321532541154145040430302123111411502342
0450123230000224220325125410031551021534511430241321552433153344540211002032023520535122134420303520
5514413430514405053553235404153415412444353543312124032522212252252522051223451141342352150405113242
5301251051132033550154454101040552505040432100002535354341255331101110355220201014555201232403420440
3213434312235223014102333013130321010114001045411145103541522553423225512543122523515115034203300054
2235152103025533303221453431044205324201031402542202345112444410100035512344323504201425251430033225
1315320112351020422011224433411544223122345533512525544154345322442125333133500351344432231130333423
0132050332331552232341515054434202121151410042123323355301435004455040443402040330021351001531022335
2115133152113543454054550455404525404315405425515540554401432050510104400201501354415302155103505503
0353050513151043000043322500011340421135410435032104352213334112541520400451233033245500403401201225
5000035401121114350154500204121303341044403543000055402304333524151255253015045222505514201025323121
3540500032153433214051150005230513444210020412451125320321355122424305132245021110051003400220513434
2502020352331323251041052042012452300120133335331440130533320224121504325422203510400031041153404122
0221025443121042402344155540344141110053550405513212431254120152110113204430254152321135153411351541
2233220321521033214302235520421413132345030554433300341152103224545031225223234050421222453324543012
3555021533154002043300355252013200403340145223355225021431004532430001235315434044033530500042443515
1242050242154445212550341113534020543435551245404134045115032354214004000055224151413454245131540240
1343044101002211251205540452245253031212544234214212051353535350050254240051505012102315510240431545
5103430025034220005453123501255353334214052554404113141203112422225220204511320533202035023240414441
4452325253102331301545001103244020205543314113353411501000404551511121012221431433351032012320044312
0422222454311200114315245025433310204344212334440545535243503335243514055044140410152443222044040232
4120125533223520555513043531410345514310204015445541331252432055125011430545122514255312045303401243
3503431321541245451325555535154353301000130513332515004045141351055431243314301104223113234532115322
4245110211313502252524441343454552001250120023144022342215032142512542251420101050230313145525015431
5151424342101135155245150401550102511312001452420410124501235204225333543412111225324521144431245011
2555311354054150145001540352112030022424533113022301214331442035015022331120151350333055540224255231
2545202420530413312540532002504001040140330424320141554550202413554325502543235400555002053255541343
4500220221220523431500543213504234134052140011442420431155154250424532412501215122153334022445155425
2221034055554134543400525310432004533341225334214154352245153151441144005442430020055024420304243304
2151501500344332053015451542414523323411235250215212423204414322154202455523101044303031112501235111
1032255114241503412104155344041250323135330224553021102443222125341220455242155220241332045032005253
1150350044113424503232131252301554231521300415231400204124545530455323130504351115013203031352335450
2250241444005040444422031534353355040145310044155413502514312424120244241410355220004124323330344030
3405215405423353532004223001024222152533505134522530012004240002004352051252413524312132520452543020
1300031111524515330151401024313314222132421534533112152455212233430113515453241325204534150442315313
0525451332101004350235235543005301321312545222303304115334143211225504242413455100435311102353134053
3232043432340515141034335401025452542152430213425415125023522310332213550200431121401332014133400124
0552435015234120432105011544131555225204452235542440552013554022143311121422304123224310102414431331
1333422055053005251253234153453121510524401415445054420501321012443013220353410330320405354542422352
0500415544013100150050254330314551554555434132112525310103210145405503204122303125044412422005252441
2553440450205532120504211133435223553331033132342041452202203423334340111201131235052115324000113115
5533342053551434101222342400323400040522140214132324104325113430112253554221051044034310515554403554
0303553405204445200415151301550345144522330115430131431343410144040224103050213502143543000223440111
3410115121521021343203201445243234523540504432411430333422213404053415445402451550542531223215325032
3213224305130223022442303325425214254204132310404520233034510533253324245422505153405313452505525422
3511035234222045021530405403122454545431231322223411552544401530344130312215144300540434215132403230
2123213200222344444143125101543250212543521445345343142310313510240132224011214133240202323342001515
1013241132354122350031111333154053400154131100005200212231324413141105401300322420545212422425552125
2413055201521242341102302111105101001440311125330002110131503511440515151145115453232514321415555552
4042101414035530202031524122335433314111142320512443312205300103353452325355132430121251252054545221
1343355210325345321134154410000332124241412532452540105203401433242340252504241105535151340315045234
1003244313252424302321332232551200235044434015354510101504335405421205003033151154014145033502523105
2021033050455053422022422425110051324113233141532205030204042011231222321555201252251151425235501514
5355541104250040122044523412542145520051143333005102542111223234442053142145124105245134245114111453
1245554243313542240223550343313042115121234023451522253415403220553232535502502535114113242100004103
0112405131342034024440435043312234105001533544140105201321022123525415050453104101340140102331113152
3435112435240331402444242102504124105150550045344305514130112551513115323044403221401213035251251153
5142054522003241354421223233230104453043055015324123514205340501242521102001200401213042220345240005
4444142004131500120334042055151051101254513410313105012345331420510101104402403151433013551252533112
2400225330523341435004510003230304424324051441125133134541212255435331124310000044123450240305020005
5343303011240542111000410020245552425222322443454102120510245205515255221235513330500222241511551514
0321541020244542355441312401413034100220104131302502502234155152050033101314410551334552343435233320
5322334113431235515235213455343131254215523545433140011050351555343145421213433053212523551103350223
1333425351554123534051402331043334404313531123312541054535235123344255144443241551122413212503125104
3455540214433355153441124152455521020104525552240453402243211304245553252423105134252132105003500253
0005042431402235043101433535415215324055201530403401022510055520152341422023223231343253103205410145
1240322523233342231510523152333204002104024520354422120520151450310210532414545353342333341320432044
0444204510350551430325342333201542251523553304024222104030053240355434115414204110542232120243215124
1152011211201551523515215113112214031213330542351045211244433500044131425345510455110151154424242321
3344111435014445055453011304040210305511404353402115305320300513220250435253445052243445231320231012
3505512535234415225001334013003203302153513033350211343201111340022112220220205155154224024350101254
5113351201545515332541414134023323554544332403234504002454455535040112030030130115512530444032041335
5125130021324205524322502423040221544353002313404333001352010521033433135013500324501340423453224353
