6
100
100
1415534305531302205230120254152010541145420125020224321341434515045045250233501514045214144115133241
4411121244505335104235324400342242014122000031323334024310153521240102125255230255345100342133340110
2014003150341020042314522034043114551520522434343531155453422323411044341345214042335305251514331142
1435153244115153001551005413425240305521112402520510345411155235122101045112223202115531124534230525
0511135352321314232005351115422322043151425251311354323221302300305123134153250421311422324215141110
4035220241241042241523523524524330531245531040242444301122422153353200100415355101111030553302101122
1535232110142222544004552030445311404121453515115035052404241140525320250044130204230444151405121000
4132240112333002105151513505045233453331035203510124101152115053503131412242520431310550043421001543
4501014043442130524505255503012200222152115504240355204413531155103102521102253233512340103003301245
1530255155114413300415240325444012402044451435041440515351354121410004501254153403303554320300545040
2302541530430435043012232235245545005514423555013300250212052133001450552344220432432502520353024112
0500325104321145050353113135355351000530420214235211454201202351511502343014352145525410521532423035
0505130342253053054044254553035040131105215501105430014422421023102100433041252502345013531232251445
0452430355342353452012532525120115025003452320520441031332201053005320345324420552120514053152334251
0115515445502153400553241045533425514212520051312232535211111310151143023112002002415340451250350320
1452013400342410241431432014454054012042234021430230043313251114005214142515220521240501125000104332
2404122121055122423145033111250530422144455415210452555232344204430540332505515002014535100445453044
4300432353352155253335424230011415511522212523410145221245023310542055312124020003423333045424431533
2123513223130444131050125140050153010351022041300342031251521440130431253530204513305501000043415012
1242230222153505445314303251505212523045100042422523220121033453345322250143114431431402100020244201
2045403102010103155501155343553012042434051035333553502243243021224254512232324525350520303055525152
5012443341341544200340543532325555100352015134524231252213512505132415515443221511252225500554231033
0350150251355230444211301134122434335422122520514135034044202403351530233132233242152014255322333445
0240041132420523405541125135425214050402422043232522445110442154405455225053152240035501451320415540
2035505135105104255530343042245252011111533421500432514420001422102120324341454011431324154311033202
2040152034131122215325502021523224231445135232411013442402433223414044142050401233243011214010401212
1445234342410145124313342542400342052322002153533543533414514021052051515513243430404333350201021120
5513500332124451044200401502430402523351530454224221303320534120114355101023505513351114114140135343
0104550140030402154352020502004002312203530245211200535333124554001425411012013453451025545255122500
3305140024025512534305002132311241020310052354114232401433350222531425254353424211522215423315401540
2131514125044100005443015203242155544334355513403242405113110510430011030214113445500140110140002225
2032102024202345303101415422354322041005041530101501303523232524334332522515350221254055534021301202
3310531405145435012015500435321144253051531350503353211440021154213313331152042501415135355525410223
3522140154304055202414040040322152021152321412213201015513101014405232552142341212150551325222305415
1105141125343322522133225313130120143304240151414025131335023444313325225220224230230300111435151551
1024053055003335203235114011343054501225551301134115455412014313025015544501101521244322515011020034
4321231550351321513125425335503104350323124143524421315405211115242111520531244225232022053051324104
2421221201333444402413550330310042003541530041032504545421435252201353010043235010452150542234044324
3121550215250113111050454132534225123441254254253414405305100223001003452022350544000503232332504322
0503023532300124235452445302150344124545130123423233510223015554450152353425230420505412100003124334
1235250113210455352121352012355435022522051121413235304143222453452433210355144511344514310303205143
3011501044142203322144051315543015004054545514414532515333344214312052404553140401215235222520440445
5112550333445235301450031435145305534314325451504515045411450504240521301233330554402414430211343514
1221405202115330211531210541214001230423243253550045013333102325530522452531051320132022241201234513
2320020451544110543454134544042532501150000452013000331415555104253125523334120331223552124124320510
0205011451025503453535000330015025320335300234235141211225434250542353004401533045411234541033433504
1335445245422021105400121113503434441015323415015235033310343055255301151043040553552225300540344205
4430444312045004325131122000131133050512250000335440103012233044312044500350524435203422104211022240
1311110331322430122351132541211131545325335245400253503013012441123504532150531140112030445021554005
1112451551532141145131133450241355510552525425123420302043332410321400031423032245235143310221225223
0351101035440024105502430112113303542330323315252513540540553525340234552451532001200125443254432522
0125141434225242354543515252223131441423342554433334220021352403120031222101000332330515314422140411
5140043455541122535210522401105541031003151311225030121443420105455310102320504502455550241345035552
1553331322541225331514301152242342252054224351441153202324310451230514305132100510530013554043344111
5503002052032515102554152252551543235135025315453003413512125005204234050054013051305432532542203102
4115411023231234035042144522234522051152231520150000135004014412125002240150512154534240334424014010
2344304431345432150211444234121112503303312204235224504424340053233412102520015311451101413130100152
3004014505323035103154311501542513245031140005235051545430211204325302354534112503255021123251501420
1453050012151153032424235102110304102214220125521125355144425404000554345434035231002500322454001213
5402552020515114544233540355012255544350152514355303554154332150125225253555503212444525115242351253
5241424134435215122051253350454040551513355323004212341440534232400321311414140043331211502110012401
2021032205440031403213432325444200404231043443041031211420541142401415445530555030443351342032053424
2500010114143513242055122525530150145334254202421311025131030552011150244112203531323442342442122253
5433434334125512410404202214534021450252454223213240335241320131020315414045212210222543411351552403
3000034530110151041322540211503235310034314304400541410222131431151152334503344324034504335101224223
0054022122440510304553310415251105002011031451510323500003250121124524522325355530210130454015002533
1415230101435521030252013233100452331114025225154512145311024503155124351041453025552210224521434022
1344035115351014032414045122215553205405122550323130522550402204210340004301241040414312253415500522
0051034110101142551550345050213453322534331400001135235233124001433045050543133414100400315432200320
0515122105330552522513143102514543215111404153423023130323502244435524315050102220014455240310101533
0450234554320522150411030425154203450141423433553520204442313023122202140054355125431235524122550314
0122405344502302530113152312431212054240003154234043524435130141014002044500500553301231552121114352
3430043323441553455241215004130503342554542420023353440403533220512323430244424321330351351111225413
3203005023445121151053242201120345105050535224541150331433321513453054420535135243323524321054431343
0530012324222130521251213314100415124043500210435232422445043550240545554435501505204222343355334023
5000012135553450005525231142342523343505114412230343155254513142543143353315345124254051224324154454
0545314453155012150241010230331222455445341313441144522453423434555404412302533251331305244324332221
4233355501102351435332311225413133111453303252253512430221144044253204124540502102040304434150223510
5221550132323145421105544212412112015244421041012410304112041541145135052051510402332233015022210103
4512012114304300205024225512403155224333502232210355210132414201413154221125155343521013144202214204
5305202111401341524403053144534353343404244523433353012554120405134111513453240231145032501551052120
2550055245130042130100214002444132551410054401300410241214113102223312034132132431513550504403104303
1421444225514033341120545214502140131542230031133242104243044322145422500223302341230212242341021112
1135315010503111400154514252500305544114530424130230125200444450152132014000142504432145435005040103
3345305120151210541320152410501212555013135043423323341203302525521552241324354155045554535451512225
2340534220135032523402142004551205552134331535205031132455221211544052151241304551421253304351052304
4110133442124340534224241435423050350520052441303211032521214545355221505312153315223120201421505324
1302214014221122011352202134403324405332530240431324251154225143310212200214522310412153102213411321
0143012005433050323032453550021243152555103321221103311015553442133022123132532001042043412131343545
0520504230034101150432524354253221302520254033554412143544330150055525513113151241011321323020204454
1000122034032401421331243302213403010524513554445111242414325251544443221320434250134143302405412532
5331501314125442454505341343305141131334200201042422455302104440211530221010550015525135122131043544
4532414225302212555334103524410523201303152304411523344554544351032323201503310310214224052510150013
3110153410145510151014251303343344400241303050030335310102000543215210320404102343421123450320514244
1314231300132225444440223211045104440103421120151345254322032505501031401322135513521224405455200444
4033512011443334322135150543522032150213420530434320433355505222554440141543534213141402341303303425
2315313423500002330204051151335152443320432140152213345014400113113331453434424414514132502201300105
3113055005533040415345132124230130452312405002111205545144501222440424311150242422524233313132202112
5023053400032341231130424400501353113442141052425034255235402035133352015441455515251331130443525221
5514414225344514105003455111524221112443032212241244503033150200135220205224042423444345253055033004
